{
 "cells": [
  {
   "cell_type": "code",
   "execution_count": 58,
   "metadata": {},
   "outputs": [],
   "source": [
    "# ! pip install sympy \n",
    "# ! pip install networkx \n",
    "# ! pip install matplotlib \n",
    "# ! pip install pyqubo \n",
    "# ! pip install gurobipy"
   ]
  },
  {
   "cell_type": "code",
   "execution_count": 59,
   "metadata": {
    "id": "sUinoKLn5dbE"
   },
   "outputs": [],
   "source": [
    "from sympy import symbols, Matrix, simplify, Add, Mul\n",
    "import networkx as nx\n",
    "import matplotlib.pyplot as plt\n",
    "from IPython.display import display\n",
    "import random"
   ]
  },
  {
   "cell_type": "code",
   "execution_count": 60,
   "metadata": {
    "id": "6aFfrORuGZJZ"
   },
   "outputs": [],
   "source": [
    "def generate_problem_instance(num_nodes, weight_range=(-1, 1)):\n",
    "    \"\"\"\n",
    "    Generate a random problem instance for the min-cut problem.\n",
    "    :param num_nodes: Number of nodes in the graph.\n",
    "    :param weight_range: Range of weights for the edges (tuple, inclusive).\n",
    "    :return: Dictionary {(i, j): weight} representing the edges and their weights.\n",
    "    \"\"\"\n",
    "    edge_dict = {}\n",
    "    for i in range(1, num_nodes + 1):\n",
    "        for j in range(i + 1, num_nodes + 1):\n",
    "            weight = round(random.uniform(weight_range[0], weight_range[1]), 2)\n",
    "            edge_dict[(i, j)] = weight\n",
    "    return edge_dict"
   ]
  },
  {
   "cell_type": "code",
   "execution_count": 61,
   "metadata": {
    "id": "odiqRFcnl2NS"
   },
   "outputs": [
    {
     "data": {
      "text/plain": [
       "{(1, 2): 0.87,\n",
       " (1, 3): -0.28,\n",
       " (1, 4): -0.28,\n",
       " (1, 5): 0.43,\n",
       " (1, 6): -0.83,\n",
       " (1, 7): -0.72,\n",
       " (1, 8): -0.73,\n",
       " (1, 9): 0.42,\n",
       " (1, 10): 0.89,\n",
       " (1, 11): -0.55,\n",
       " (1, 12): 0.38,\n",
       " (1, 13): 0.09,\n",
       " (1, 14): -0.27,\n",
       " (1, 15): -0.02,\n",
       " (1, 16): -0.35,\n",
       " (1, 17): -0.19,\n",
       " (1, 18): -0.19,\n",
       " (1, 19): 0.59,\n",
       " (1, 20): 0.61,\n",
       " (1, 21): -0.31,\n",
       " (1, 22): -0.53,\n",
       " (1, 23): 0.02,\n",
       " (1, 24): 0.39,\n",
       " (1, 25): 0.34,\n",
       " (1, 26): 0.22,\n",
       " (1, 27): 0.75,\n",
       " (1, 28): 0.31,\n",
       " (1, 29): 0.39,\n",
       " (1, 30): 0.9,\n",
       " (2, 3): -0.02,\n",
       " (2, 4): 0.5,\n",
       " (2, 5): 0.22,\n",
       " (2, 6): 0.78,\n",
       " (2, 7): 0.82,\n",
       " (2, 8): 0.53,\n",
       " (2, 9): 0.53,\n",
       " (2, 10): 0.17,\n",
       " (2, 11): 0.98,\n",
       " (2, 12): -0.85,\n",
       " (2, 13): 0.34,\n",
       " (2, 14): -0.43,\n",
       " (2, 15): 0.83,\n",
       " (2, 16): 0.77,\n",
       " (2, 17): 0.57,\n",
       " (2, 18): -0.03,\n",
       " (2, 19): 0.06,\n",
       " (2, 20): 0.87,\n",
       " (2, 21): 0.83,\n",
       " (2, 22): 0.82,\n",
       " (2, 23): 0.69,\n",
       " (2, 24): -0.29,\n",
       " (2, 25): -0.33,\n",
       " (2, 26): -0.01,\n",
       " (2, 27): -0.77,\n",
       " (2, 28): -0.01,\n",
       " (2, 29): -0.95,\n",
       " (2, 30): 0.14,\n",
       " (3, 4): 0.13,\n",
       " (3, 5): 0.25,\n",
       " (3, 6): -0.92,\n",
       " (3, 7): -0.39,\n",
       " (3, 8): -0.34,\n",
       " (3, 9): 0.46,\n",
       " (3, 10): -0.5,\n",
       " (3, 11): 0.14,\n",
       " (3, 12): -0.2,\n",
       " (3, 13): 0.79,\n",
       " (3, 14): -0.72,\n",
       " (3, 15): -0.55,\n",
       " (3, 16): -0.01,\n",
       " (3, 17): 0.9,\n",
       " (3, 18): -0.88,\n",
       " (3, 19): -0.37,\n",
       " (3, 20): 0.68,\n",
       " (3, 21): -0.94,\n",
       " (3, 22): 0.61,\n",
       " (3, 23): 0.8,\n",
       " (3, 24): 0.01,\n",
       " (3, 25): 0.34,\n",
       " (3, 26): 0.43,\n",
       " (3, 27): 0.95,\n",
       " (3, 28): -0.68,\n",
       " (3, 29): -0.27,\n",
       " (3, 30): -0.53,\n",
       " (4, 5): -0.3,\n",
       " (4, 6): 0.16,\n",
       " (4, 7): -0.33,\n",
       " (4, 8): 0.68,\n",
       " (4, 9): 0.84,\n",
       " (4, 10): -0.09,\n",
       " (4, 11): -1.0,\n",
       " (4, 12): -0.71,\n",
       " (4, 13): 0.85,\n",
       " (4, 14): 0.99,\n",
       " (4, 15): 0.4,\n",
       " (4, 16): 0.31,\n",
       " (4, 17): -0.6,\n",
       " (4, 18): -0.46,\n",
       " (4, 19): -0.38,\n",
       " (4, 20): -0.71,\n",
       " (4, 21): -0.86,\n",
       " (4, 22): 0.89,\n",
       " (4, 23): 0.5,\n",
       " (4, 24): -0.36,\n",
       " (4, 25): 0.07,\n",
       " (4, 26): -0.43,\n",
       " (4, 27): -0.5,\n",
       " (4, 28): -0.07,\n",
       " (4, 29): 0.41,\n",
       " (4, 30): 0.19,\n",
       " (5, 6): -0.49,\n",
       " (5, 7): -0.6,\n",
       " (5, 8): -0.41,\n",
       " (5, 9): -0.95,\n",
       " (5, 10): 0.7,\n",
       " (5, 11): 0.44,\n",
       " (5, 12): -0.24,\n",
       " (5, 13): 0.35,\n",
       " (5, 14): -0.01,\n",
       " (5, 15): 0.59,\n",
       " (5, 16): -0.42,\n",
       " (5, 17): -0.49,\n",
       " (5, 18): -0.49,\n",
       " (5, 19): -0.63,\n",
       " (5, 20): 0.64,\n",
       " (5, 21): 0.74,\n",
       " (5, 22): -0.64,\n",
       " (5, 23): 0.22,\n",
       " (5, 24): -0.12,\n",
       " (5, 25): -0.49,\n",
       " (5, 26): 0.0,\n",
       " (5, 27): 0.33,\n",
       " (5, 28): -0.97,\n",
       " (5, 29): 0.29,\n",
       " (5, 30): 0.12,\n",
       " (6, 7): -0.75,\n",
       " (6, 8): -0.97,\n",
       " (6, 9): -0.39,\n",
       " (6, 10): -0.95,\n",
       " (6, 11): -0.67,\n",
       " (6, 12): -0.09,\n",
       " (6, 13): -0.27,\n",
       " (6, 14): -0.89,\n",
       " (6, 15): 0.93,\n",
       " (6, 16): 0.22,\n",
       " (6, 17): -0.21,\n",
       " (6, 18): 0.34,\n",
       " (6, 19): 0.26,\n",
       " (6, 20): 0.41,\n",
       " (6, 21): -0.15,\n",
       " (6, 22): -0.31,\n",
       " (6, 23): -0.92,\n",
       " (6, 24): 0.9,\n",
       " (6, 25): 0.47,\n",
       " (6, 26): -0.64,\n",
       " (6, 27): -0.36,\n",
       " (6, 28): -0.44,\n",
       " (6, 29): -0.54,\n",
       " (6, 30): 0.78,\n",
       " (7, 8): -0.79,\n",
       " (7, 9): 0.18,\n",
       " (7, 10): 0.87,\n",
       " (7, 11): 0.89,\n",
       " (7, 12): -0.38,\n",
       " (7, 13): -0.71,\n",
       " (7, 14): 0.03,\n",
       " (7, 15): -0.74,\n",
       " (7, 16): -0.91,\n",
       " (7, 17): -0.34,\n",
       " (7, 18): -0.23,\n",
       " (7, 19): 0.94,\n",
       " (7, 20): 0.48,\n",
       " (7, 21): -0.41,\n",
       " (7, 22): -0.71,\n",
       " (7, 23): 0.33,\n",
       " (7, 24): -0.49,\n",
       " (7, 25): 0.96,\n",
       " (7, 26): -0.52,\n",
       " (7, 27): -0.14,\n",
       " (7, 28): 0.6,\n",
       " (7, 29): -0.85,\n",
       " (7, 30): -0.34,\n",
       " (8, 9): -0.05,\n",
       " (8, 10): -0.36,\n",
       " (8, 11): 0.61,\n",
       " (8, 12): 0.69,\n",
       " (8, 13): -0.4,\n",
       " (8, 14): -0.54,\n",
       " (8, 15): 0.38,\n",
       " (8, 16): 0.34,\n",
       " (8, 17): -0.64,\n",
       " (8, 18): 0.94,\n",
       " (8, 19): 0.73,\n",
       " (8, 20): -0.21,\n",
       " (8, 21): 0.5,\n",
       " (8, 22): -0.89,\n",
       " (8, 23): 0.5,\n",
       " (8, 24): -0.66,\n",
       " (8, 25): 0.07,\n",
       " (8, 26): -0.97,\n",
       " (8, 27): 0.78,\n",
       " (8, 28): -0.77,\n",
       " (8, 29): -0.45,\n",
       " (8, 30): 0.82,\n",
       " (9, 10): 0.28,\n",
       " (9, 11): -0.01,\n",
       " (9, 12): -0.58,\n",
       " (9, 13): -0.41,\n",
       " (9, 14): 0.19,\n",
       " (9, 15): -0.58,\n",
       " (9, 16): 0.18,\n",
       " (9, 17): 0.65,\n",
       " (9, 18): 0.5,\n",
       " (9, 19): -0.25,\n",
       " (9, 20): -0.78,\n",
       " (9, 21): 0.64,\n",
       " (9, 22): 0.53,\n",
       " (9, 23): 0.26,\n",
       " (9, 24): 0.32,\n",
       " (9, 25): 0.94,\n",
       " (9, 26): 0.37,\n",
       " (9, 27): 0.14,\n",
       " (9, 28): 0.85,\n",
       " (9, 29): 0.22,\n",
       " (9, 30): 0.29,\n",
       " (10, 11): 0.72,\n",
       " (10, 12): 0.57,\n",
       " (10, 13): 0.96,\n",
       " (10, 14): 0.54,\n",
       " (10, 15): 0.14,\n",
       " (10, 16): 0.2,\n",
       " (10, 17): 0.74,\n",
       " (10, 18): 0.21,\n",
       " (10, 19): -0.27,\n",
       " (10, 20): 0.85,\n",
       " (10, 21): 0.75,\n",
       " (10, 22): 0.93,\n",
       " (10, 23): -0.41,\n",
       " (10, 24): -0.85,\n",
       " (10, 25): 0.05,\n",
       " (10, 26): -0.33,\n",
       " (10, 27): 0.98,\n",
       " (10, 28): 0.16,\n",
       " (10, 29): -0.81,\n",
       " (10, 30): 0.48,\n",
       " (11, 12): 0.16,\n",
       " (11, 13): -0.25,\n",
       " (11, 14): -0.26,\n",
       " (11, 15): -0.92,\n",
       " (11, 16): -0.95,\n",
       " (11, 17): 0.01,\n",
       " (11, 18): 0.87,\n",
       " (11, 19): 0.78,\n",
       " (11, 20): 0.17,\n",
       " (11, 21): 0.63,\n",
       " (11, 22): -0.26,\n",
       " (11, 23): -0.68,\n",
       " (11, 24): -0.32,\n",
       " (11, 25): 0.37,\n",
       " (11, 26): 0.42,\n",
       " (11, 27): -0.68,\n",
       " (11, 28): 0.26,\n",
       " (11, 29): 0.24,\n",
       " (11, 30): -0.02,\n",
       " (12, 13): 0.36,\n",
       " (12, 14): -0.49,\n",
       " (12, 15): 0.64,\n",
       " (12, 16): 0.5,\n",
       " (12, 17): 0.08,\n",
       " (12, 18): -0.16,\n",
       " (12, 19): -0.46,\n",
       " (12, 20): -0.23,\n",
       " (12, 21): 0.53,\n",
       " (12, 22): 0.94,\n",
       " (12, 23): 0.05,\n",
       " (12, 24): 0.69,\n",
       " (12, 25): -0.49,\n",
       " (12, 26): -0.74,\n",
       " (12, 27): -0.36,\n",
       " (12, 28): -0.63,\n",
       " (12, 29): 0.8,\n",
       " (12, 30): 0.66,\n",
       " (13, 14): -0.36,\n",
       " (13, 15): 0.67,\n",
       " (13, 16): -0.27,\n",
       " (13, 17): -0.52,\n",
       " (13, 18): -0.5,\n",
       " (13, 19): -0.45,\n",
       " (13, 20): 0.64,\n",
       " (13, 21): -0.47,\n",
       " (13, 22): -0.45,\n",
       " (13, 23): 0.53,\n",
       " (13, 24): -0.39,\n",
       " (13, 25): 0.22,\n",
       " (13, 26): -0.32,\n",
       " (13, 27): 0.85,\n",
       " (13, 28): -0.46,\n",
       " (13, 29): -0.24,\n",
       " (13, 30): -0.53,\n",
       " (14, 15): 0.68,\n",
       " (14, 16): -0.31,\n",
       " (14, 17): -0.94,\n",
       " (14, 18): -0.88,\n",
       " (14, 19): 0.85,\n",
       " (14, 20): 0.06,\n",
       " (14, 21): 0.53,\n",
       " (14, 22): -0.45,\n",
       " (14, 23): -0.51,\n",
       " (14, 24): -0.36,\n",
       " (14, 25): -0.66,\n",
       " (14, 26): -0.96,\n",
       " (14, 27): -0.85,\n",
       " (14, 28): 0.95,\n",
       " (14, 29): 0.97,\n",
       " (14, 30): 0.5,\n",
       " (15, 16): -0.19,\n",
       " (15, 17): -0.42,\n",
       " (15, 18): -0.54,\n",
       " (15, 19): 0.34,\n",
       " (15, 20): 0.66,\n",
       " (15, 21): 0.9,\n",
       " (15, 22): -0.8,\n",
       " (15, 23): 0.45,\n",
       " (15, 24): 0.55,\n",
       " (15, 25): -0.09,\n",
       " (15, 26): -0.09,\n",
       " (15, 27): 0.83,\n",
       " (15, 28): -0.59,\n",
       " (15, 29): -0.54,\n",
       " (15, 30): 0.29,\n",
       " (16, 17): -0.27,\n",
       " (16, 18): -0.15,\n",
       " (16, 19): 0.03,\n",
       " (16, 20): -0.23,\n",
       " (16, 21): -0.87,\n",
       " (16, 22): -0.8,\n",
       " (16, 23): 0.61,\n",
       " (16, 24): 0.12,\n",
       " (16, 25): 0.22,\n",
       " (16, 26): -0.16,\n",
       " (16, 27): -0.17,\n",
       " (16, 28): -0.63,\n",
       " (16, 29): -0.45,\n",
       " (16, 30): -0.54,\n",
       " (17, 18): -0.35,\n",
       " (17, 19): 0.27,\n",
       " (17, 20): 0.41,\n",
       " (17, 21): 0.62,\n",
       " (17, 22): 0.17,\n",
       " (17, 23): 0.69,\n",
       " (17, 24): -0.27,\n",
       " (17, 25): -0.04,\n",
       " (17, 26): 0.19,\n",
       " (17, 27): 0.04,\n",
       " (17, 28): 0.01,\n",
       " (17, 29): -0.32,\n",
       " (17, 30): -0.42,\n",
       " (18, 19): -0.74,\n",
       " (18, 20): -0.65,\n",
       " (18, 21): 0.95,\n",
       " (18, 22): -0.94,\n",
       " (18, 23): 0.26,\n",
       " (18, 24): -0.16,\n",
       " (18, 25): -0.44,\n",
       " (18, 26): -0.8,\n",
       " (18, 27): 0.93,\n",
       " (18, 28): 0.6,\n",
       " (18, 29): 0.71,\n",
       " (18, 30): -0.91,\n",
       " (19, 20): 0.32,\n",
       " (19, 21): -0.96,\n",
       " (19, 22): 0.92,\n",
       " (19, 23): 0.06,\n",
       " (19, 24): -0.79,\n",
       " (19, 25): 0.59,\n",
       " (19, 26): -0.97,\n",
       " (19, 27): -0.36,\n",
       " (19, 28): -0.93,\n",
       " (19, 29): -0.48,\n",
       " (19, 30): 0.64,\n",
       " (20, 21): -0.87,\n",
       " (20, 22): 0.36,\n",
       " (20, 23): -0.04,\n",
       " (20, 24): -0.26,\n",
       " (20, 25): 0.45,\n",
       " (20, 26): 0.22,\n",
       " (20, 27): -0.43,\n",
       " (20, 28): -0.86,\n",
       " (20, 29): -0.22,\n",
       " (20, 30): 0.1,\n",
       " (21, 22): -0.14,\n",
       " (21, 23): -0.05,\n",
       " (21, 24): 0.86,\n",
       " (21, 25): 0.09,\n",
       " (21, 26): 0.12,\n",
       " (21, 27): 0.41,\n",
       " (21, 28): 0.4,\n",
       " (21, 29): 0.45,\n",
       " (21, 30): -0.15,\n",
       " (22, 23): 0.37,\n",
       " (22, 24): -0.48,\n",
       " (22, 25): -0.99,\n",
       " (22, 26): -0.78,\n",
       " (22, 27): -0.04,\n",
       " (22, 28): -0.11,\n",
       " (22, 29): -0.08,\n",
       " (22, 30): -0.98,\n",
       " (23, 24): 0.81,\n",
       " (23, 25): 0.12,\n",
       " (23, 26): 0.7,\n",
       " (23, 27): 0.87,\n",
       " (23, 28): 0.1,\n",
       " (23, 29): 0.95,\n",
       " (23, 30): 0.34,\n",
       " (24, 25): 0.42,\n",
       " (24, 26): -0.09,\n",
       " (24, 27): 0.13,\n",
       " (24, 28): -0.02,\n",
       " (24, 29): -0.27,\n",
       " (24, 30): -0.34,\n",
       " (25, 26): 0.41,\n",
       " (25, 27): 0.06,\n",
       " (25, 28): -0.71,\n",
       " (25, 29): 0.48,\n",
       " (25, 30): -0.74,\n",
       " (26, 27): -0.94,\n",
       " (26, 28): 0.02,\n",
       " (26, 29): 0.09,\n",
       " (26, 30): 0.21,\n",
       " (27, 28): -0.47,\n",
       " (27, 29): -0.98,\n",
       " (27, 30): 0.05,\n",
       " (28, 29): -0.15,\n",
       " (28, 30): 0.02,\n",
       " (29, 30): -0.2}"
      ]
     },
     "execution_count": 61,
     "metadata": {},
     "output_type": "execute_result"
    }
   ],
   "source": [
    "# Example usage: Generate a graph with 5 nodes\n",
    "num_nodes = 30\n",
    "edge_dict = generate_problem_instance(num_nodes)\n",
    "edge_dict"
   ]
  },
  {
   "cell_type": "code",
   "execution_count": 62,
   "metadata": {
    "colab": {
     "base_uri": "https://localhost:8080/"
    },
    "id": "QqTBDAvy5bfQ",
    "outputId": "46b0cfa6-5e93-45c6-951c-173f4f9f2650"
   },
   "outputs": [],
   "source": [
    "# # Example dictionary input\n",
    "# edge_dict = {\n",
    "#     (1, 2): -2,\n",
    "#     (1, 3): 8,\n",
    "#     (2, 3): -3\n",
    "# }\n",
    "\n",
    "# edge_dict"
   ]
  },
  {
   "cell_type": "code",
   "execution_count": 63,
   "metadata": {
    "id": "Dq69Vj7p5lYM"
   },
   "outputs": [],
   "source": [
    "nodes = set()\n",
    "\n",
    "for edge in edge_dict.keys():\n",
    "    nodes.update(edge)\n",
    "nodes = sorted(nodes)\n",
    "node_index = {node: i for i, node in enumerate(nodes)}\n",
    "\n",
    "size = len(nodes)\n",
    "adjacency_matrix = Matrix.zeros(size, size)\n",
    "\n",
    "for (u, v), weight in edge_dict.items():\n",
    "    i, j = node_index[u], node_index[v]\n",
    "    adjacency_matrix[i, j] = weight\n",
    "    adjacency_matrix[j, i] = weight  # Symmetric matrix for undirected graph"
   ]
  },
  {
   "cell_type": "code",
   "execution_count": 64,
   "metadata": {
    "colab": {
     "base_uri": "https://localhost:8080/",
     "height": 78
    },
    "id": "eFhMyCn76u4i",
    "outputId": "9d1a1a64-8346-4906-c096-b4b086ced0b6"
   },
   "outputs": [
    {
     "data": {
      "text/latex": [
       "$\\displaystyle \\left[\\begin{array}{cccccccccccccccccccccccccccccc}0 & 0.87 & -0.28 & -0.28 & 0.43 & -0.83 & -0.72 & -0.73 & 0.42 & 0.89 & -0.55 & 0.38 & 0.09 & -0.27 & -0.02 & -0.35 & -0.19 & -0.19 & 0.59 & 0.61 & -0.31 & -0.53 & 0.02 & 0.39 & 0.34 & 0.22 & 0.75 & 0.31 & 0.39 & 0.9\\\\0.87 & 0 & -0.02 & 0.5 & 0.22 & 0.78 & 0.82 & 0.53 & 0.53 & 0.17 & 0.98 & -0.85 & 0.34 & -0.43 & 0.83 & 0.77 & 0.57 & -0.03 & 0.06 & 0.87 & 0.83 & 0.82 & 0.69 & -0.29 & -0.33 & -0.01 & -0.77 & -0.01 & -0.95 & 0.14\\\\-0.28 & -0.02 & 0 & 0.13 & 0.25 & -0.92 & -0.39 & -0.34 & 0.46 & -0.5 & 0.14 & -0.2 & 0.79 & -0.72 & -0.55 & -0.01 & 0.9 & -0.88 & -0.37 & 0.68 & -0.94 & 0.61 & 0.8 & 0.01 & 0.34 & 0.43 & 0.95 & -0.68 & -0.27 & -0.53\\\\-0.28 & 0.5 & 0.13 & 0 & -0.3 & 0.16 & -0.33 & 0.68 & 0.84 & -0.09 & -1.0 & -0.71 & 0.85 & 0.99 & 0.4 & 0.31 & -0.6 & -0.46 & -0.38 & -0.71 & -0.86 & 0.89 & 0.5 & -0.36 & 0.07 & -0.43 & -0.5 & -0.07 & 0.41 & 0.19\\\\0.43 & 0.22 & 0.25 & -0.3 & 0 & -0.49 & -0.6 & -0.41 & -0.95 & 0.7 & 0.44 & -0.24 & 0.35 & -0.01 & 0.59 & -0.42 & -0.49 & -0.49 & -0.63 & 0.64 & 0.74 & -0.64 & 0.22 & -0.12 & -0.49 & 0 & 0.33 & -0.97 & 0.29 & 0.12\\\\-0.83 & 0.78 & -0.92 & 0.16 & -0.49 & 0 & -0.75 & -0.97 & -0.39 & -0.95 & -0.67 & -0.09 & -0.27 & -0.89 & 0.93 & 0.22 & -0.21 & 0.34 & 0.26 & 0.41 & -0.15 & -0.31 & -0.92 & 0.9 & 0.47 & -0.64 & -0.36 & -0.44 & -0.54 & 0.78\\\\-0.72 & 0.82 & -0.39 & -0.33 & -0.6 & -0.75 & 0 & -0.79 & 0.18 & 0.87 & 0.89 & -0.38 & -0.71 & 0.03 & -0.74 & -0.91 & -0.34 & -0.23 & 0.94 & 0.48 & -0.41 & -0.71 & 0.33 & -0.49 & 0.96 & -0.52 & -0.14 & 0.6 & -0.85 & -0.34\\\\-0.73 & 0.53 & -0.34 & 0.68 & -0.41 & -0.97 & -0.79 & 0 & -0.05 & -0.36 & 0.61 & 0.69 & -0.4 & -0.54 & 0.38 & 0.34 & -0.64 & 0.94 & 0.73 & -0.21 & 0.5 & -0.89 & 0.5 & -0.66 & 0.07 & -0.97 & 0.78 & -0.77 & -0.45 & 0.82\\\\0.42 & 0.53 & 0.46 & 0.84 & -0.95 & -0.39 & 0.18 & -0.05 & 0 & 0.28 & -0.01 & -0.58 & -0.41 & 0.19 & -0.58 & 0.18 & 0.65 & 0.5 & -0.25 & -0.78 & 0.64 & 0.53 & 0.26 & 0.32 & 0.94 & 0.37 & 0.14 & 0.85 & 0.22 & 0.29\\\\0.89 & 0.17 & -0.5 & -0.09 & 0.7 & -0.95 & 0.87 & -0.36 & 0.28 & 0 & 0.72 & 0.57 & 0.96 & 0.54 & 0.14 & 0.2 & 0.74 & 0.21 & -0.27 & 0.85 & 0.75 & 0.93 & -0.41 & -0.85 & 0.05 & -0.33 & 0.98 & 0.16 & -0.81 & 0.48\\\\-0.55 & 0.98 & 0.14 & -1.0 & 0.44 & -0.67 & 0.89 & 0.61 & -0.01 & 0.72 & 0 & 0.16 & -0.25 & -0.26 & -0.92 & -0.95 & 0.01 & 0.87 & 0.78 & 0.17 & 0.63 & -0.26 & -0.68 & -0.32 & 0.37 & 0.42 & -0.68 & 0.26 & 0.24 & -0.02\\\\0.38 & -0.85 & -0.2 & -0.71 & -0.24 & -0.09 & -0.38 & 0.69 & -0.58 & 0.57 & 0.16 & 0 & 0.36 & -0.49 & 0.64 & 0.5 & 0.08 & -0.16 & -0.46 & -0.23 & 0.53 & 0.94 & 0.05 & 0.69 & -0.49 & -0.74 & -0.36 & -0.63 & 0.8 & 0.66\\\\0.09 & 0.34 & 0.79 & 0.85 & 0.35 & -0.27 & -0.71 & -0.4 & -0.41 & 0.96 & -0.25 & 0.36 & 0 & -0.36 & 0.67 & -0.27 & -0.52 & -0.5 & -0.45 & 0.64 & -0.47 & -0.45 & 0.53 & -0.39 & 0.22 & -0.32 & 0.85 & -0.46 & -0.24 & -0.53\\\\-0.27 & -0.43 & -0.72 & 0.99 & -0.01 & -0.89 & 0.03 & -0.54 & 0.19 & 0.54 & -0.26 & -0.49 & -0.36 & 0 & 0.68 & -0.31 & -0.94 & -0.88 & 0.85 & 0.06 & 0.53 & -0.45 & -0.51 & -0.36 & -0.66 & -0.96 & -0.85 & 0.95 & 0.97 & 0.5\\\\-0.02 & 0.83 & -0.55 & 0.4 & 0.59 & 0.93 & -0.74 & 0.38 & -0.58 & 0.14 & -0.92 & 0.64 & 0.67 & 0.68 & 0 & -0.19 & -0.42 & -0.54 & 0.34 & 0.66 & 0.9 & -0.8 & 0.45 & 0.55 & -0.09 & -0.09 & 0.83 & -0.59 & -0.54 & 0.29\\\\-0.35 & 0.77 & -0.01 & 0.31 & -0.42 & 0.22 & -0.91 & 0.34 & 0.18 & 0.2 & -0.95 & 0.5 & -0.27 & -0.31 & -0.19 & 0 & -0.27 & -0.15 & 0.03 & -0.23 & -0.87 & -0.8 & 0.61 & 0.12 & 0.22 & -0.16 & -0.17 & -0.63 & -0.45 & -0.54\\\\-0.19 & 0.57 & 0.9 & -0.6 & -0.49 & -0.21 & -0.34 & -0.64 & 0.65 & 0.74 & 0.01 & 0.08 & -0.52 & -0.94 & -0.42 & -0.27 & 0 & -0.35 & 0.27 & 0.41 & 0.62 & 0.17 & 0.69 & -0.27 & -0.04 & 0.19 & 0.04 & 0.01 & -0.32 & -0.42\\\\-0.19 & -0.03 & -0.88 & -0.46 & -0.49 & 0.34 & -0.23 & 0.94 & 0.5 & 0.21 & 0.87 & -0.16 & -0.5 & -0.88 & -0.54 & -0.15 & -0.35 & 0 & -0.74 & -0.65 & 0.95 & -0.94 & 0.26 & -0.16 & -0.44 & -0.8 & 0.93 & 0.6 & 0.71 & -0.91\\\\0.59 & 0.06 & -0.37 & -0.38 & -0.63 & 0.26 & 0.94 & 0.73 & -0.25 & -0.27 & 0.78 & -0.46 & -0.45 & 0.85 & 0.34 & 0.03 & 0.27 & -0.74 & 0 & 0.32 & -0.96 & 0.92 & 0.06 & -0.79 & 0.59 & -0.97 & -0.36 & -0.93 & -0.48 & 0.64\\\\0.61 & 0.87 & 0.68 & -0.71 & 0.64 & 0.41 & 0.48 & -0.21 & -0.78 & 0.85 & 0.17 & -0.23 & 0.64 & 0.06 & 0.66 & -0.23 & 0.41 & -0.65 & 0.32 & 0 & -0.87 & 0.36 & -0.04 & -0.26 & 0.45 & 0.22 & -0.43 & -0.86 & -0.22 & 0.1\\\\-0.31 & 0.83 & -0.94 & -0.86 & 0.74 & -0.15 & -0.41 & 0.5 & 0.64 & 0.75 & 0.63 & 0.53 & -0.47 & 0.53 & 0.9 & -0.87 & 0.62 & 0.95 & -0.96 & -0.87 & 0 & -0.14 & -0.05 & 0.86 & 0.09 & 0.12 & 0.41 & 0.4 & 0.45 & -0.15\\\\-0.53 & 0.82 & 0.61 & 0.89 & -0.64 & -0.31 & -0.71 & -0.89 & 0.53 & 0.93 & -0.26 & 0.94 & -0.45 & -0.45 & -0.8 & -0.8 & 0.17 & -0.94 & 0.92 & 0.36 & -0.14 & 0 & 0.37 & -0.48 & -0.99 & -0.78 & -0.04 & -0.11 & -0.08 & -0.98\\\\0.02 & 0.69 & 0.8 & 0.5 & 0.22 & -0.92 & 0.33 & 0.5 & 0.26 & -0.41 & -0.68 & 0.05 & 0.53 & -0.51 & 0.45 & 0.61 & 0.69 & 0.26 & 0.06 & -0.04 & -0.05 & 0.37 & 0 & 0.81 & 0.12 & 0.7 & 0.87 & 0.1 & 0.95 & 0.34\\\\0.39 & -0.29 & 0.01 & -0.36 & -0.12 & 0.9 & -0.49 & -0.66 & 0.32 & -0.85 & -0.32 & 0.69 & -0.39 & -0.36 & 0.55 & 0.12 & -0.27 & -0.16 & -0.79 & -0.26 & 0.86 & -0.48 & 0.81 & 0 & 0.42 & -0.09 & 0.13 & -0.02 & -0.27 & -0.34\\\\0.34 & -0.33 & 0.34 & 0.07 & -0.49 & 0.47 & 0.96 & 0.07 & 0.94 & 0.05 & 0.37 & -0.49 & 0.22 & -0.66 & -0.09 & 0.22 & -0.04 & -0.44 & 0.59 & 0.45 & 0.09 & -0.99 & 0.12 & 0.42 & 0 & 0.41 & 0.06 & -0.71 & 0.48 & -0.74\\\\0.22 & -0.01 & 0.43 & -0.43 & 0 & -0.64 & -0.52 & -0.97 & 0.37 & -0.33 & 0.42 & -0.74 & -0.32 & -0.96 & -0.09 & -0.16 & 0.19 & -0.8 & -0.97 & 0.22 & 0.12 & -0.78 & 0.7 & -0.09 & 0.41 & 0 & -0.94 & 0.02 & 0.09 & 0.21\\\\0.75 & -0.77 & 0.95 & -0.5 & 0.33 & -0.36 & -0.14 & 0.78 & 0.14 & 0.98 & -0.68 & -0.36 & 0.85 & -0.85 & 0.83 & -0.17 & 0.04 & 0.93 & -0.36 & -0.43 & 0.41 & -0.04 & 0.87 & 0.13 & 0.06 & -0.94 & 0 & -0.47 & -0.98 & 0.05\\\\0.31 & -0.01 & -0.68 & -0.07 & -0.97 & -0.44 & 0.6 & -0.77 & 0.85 & 0.16 & 0.26 & -0.63 & -0.46 & 0.95 & -0.59 & -0.63 & 0.01 & 0.6 & -0.93 & -0.86 & 0.4 & -0.11 & 0.1 & -0.02 & -0.71 & 0.02 & -0.47 & 0 & -0.15 & 0.02\\\\0.39 & -0.95 & -0.27 & 0.41 & 0.29 & -0.54 & -0.85 & -0.45 & 0.22 & -0.81 & 0.24 & 0.8 & -0.24 & 0.97 & -0.54 & -0.45 & -0.32 & 0.71 & -0.48 & -0.22 & 0.45 & -0.08 & 0.95 & -0.27 & 0.48 & 0.09 & -0.98 & -0.15 & 0 & -0.2\\\\0.9 & 0.14 & -0.53 & 0.19 & 0.12 & 0.78 & -0.34 & 0.82 & 0.29 & 0.48 & -0.02 & 0.66 & -0.53 & 0.5 & 0.29 & -0.54 & -0.42 & -0.91 & 0.64 & 0.1 & -0.15 & -0.98 & 0.34 & -0.34 & -0.74 & 0.21 & 0.05 & 0.02 & -0.2 & 0\\end{array}\\right]$"
      ],
      "text/plain": [
       "Matrix([\n",
       "[    0,  0.87, -0.28, -0.28,  0.43, -0.83, -0.72, -0.73,  0.42,  0.89, -0.55,  0.38,  0.09, -0.27, -0.02, -0.35, -0.19, -0.19,  0.59,  0.61, -0.31, -0.53,  0.02,  0.39,  0.34,  0.22,  0.75,  0.31,  0.39,   0.9],\n",
       "[ 0.87,     0, -0.02,   0.5,  0.22,  0.78,  0.82,  0.53,  0.53,  0.17,  0.98, -0.85,  0.34, -0.43,  0.83,  0.77,  0.57, -0.03,  0.06,  0.87,  0.83,  0.82,  0.69, -0.29, -0.33, -0.01, -0.77, -0.01, -0.95,  0.14],\n",
       "[-0.28, -0.02,     0,  0.13,  0.25, -0.92, -0.39, -0.34,  0.46,  -0.5,  0.14,  -0.2,  0.79, -0.72, -0.55, -0.01,   0.9, -0.88, -0.37,  0.68, -0.94,  0.61,   0.8,  0.01,  0.34,  0.43,  0.95, -0.68, -0.27, -0.53],\n",
       "[-0.28,   0.5,  0.13,     0,  -0.3,  0.16, -0.33,  0.68,  0.84, -0.09,  -1.0, -0.71,  0.85,  0.99,   0.4,  0.31,  -0.6, -0.46, -0.38, -0.71, -0.86,  0.89,   0.5, -0.36,  0.07, -0.43,  -0.5, -0.07,  0.41,  0.19],\n",
       "[ 0.43,  0.22,  0.25,  -0.3,     0, -0.49,  -0.6, -0.41, -0.95,   0.7,  0.44, -0.24,  0.35, -0.01,  0.59, -0.42, -0.49, -0.49, -0.63,  0.64,  0.74, -0.64,  0.22, -0.12, -0.49,     0,  0.33, -0.97,  0.29,  0.12],\n",
       "[-0.83,  0.78, -0.92,  0.16, -0.49,     0, -0.75, -0.97, -0.39, -0.95, -0.67, -0.09, -0.27, -0.89,  0.93,  0.22, -0.21,  0.34,  0.26,  0.41, -0.15, -0.31, -0.92,   0.9,  0.47, -0.64, -0.36, -0.44, -0.54,  0.78],\n",
       "[-0.72,  0.82, -0.39, -0.33,  -0.6, -0.75,     0, -0.79,  0.18,  0.87,  0.89, -0.38, -0.71,  0.03, -0.74, -0.91, -0.34, -0.23,  0.94,  0.48, -0.41, -0.71,  0.33, -0.49,  0.96, -0.52, -0.14,   0.6, -0.85, -0.34],\n",
       "[-0.73,  0.53, -0.34,  0.68, -0.41, -0.97, -0.79,     0, -0.05, -0.36,  0.61,  0.69,  -0.4, -0.54,  0.38,  0.34, -0.64,  0.94,  0.73, -0.21,   0.5, -0.89,   0.5, -0.66,  0.07, -0.97,  0.78, -0.77, -0.45,  0.82],\n",
       "[ 0.42,  0.53,  0.46,  0.84, -0.95, -0.39,  0.18, -0.05,     0,  0.28, -0.01, -0.58, -0.41,  0.19, -0.58,  0.18,  0.65,   0.5, -0.25, -0.78,  0.64,  0.53,  0.26,  0.32,  0.94,  0.37,  0.14,  0.85,  0.22,  0.29],\n",
       "[ 0.89,  0.17,  -0.5, -0.09,   0.7, -0.95,  0.87, -0.36,  0.28,     0,  0.72,  0.57,  0.96,  0.54,  0.14,   0.2,  0.74,  0.21, -0.27,  0.85,  0.75,  0.93, -0.41, -0.85,  0.05, -0.33,  0.98,  0.16, -0.81,  0.48],\n",
       "[-0.55,  0.98,  0.14,  -1.0,  0.44, -0.67,  0.89,  0.61, -0.01,  0.72,     0,  0.16, -0.25, -0.26, -0.92, -0.95,  0.01,  0.87,  0.78,  0.17,  0.63, -0.26, -0.68, -0.32,  0.37,  0.42, -0.68,  0.26,  0.24, -0.02],\n",
       "[ 0.38, -0.85,  -0.2, -0.71, -0.24, -0.09, -0.38,  0.69, -0.58,  0.57,  0.16,     0,  0.36, -0.49,  0.64,   0.5,  0.08, -0.16, -0.46, -0.23,  0.53,  0.94,  0.05,  0.69, -0.49, -0.74, -0.36, -0.63,   0.8,  0.66],\n",
       "[ 0.09,  0.34,  0.79,  0.85,  0.35, -0.27, -0.71,  -0.4, -0.41,  0.96, -0.25,  0.36,     0, -0.36,  0.67, -0.27, -0.52,  -0.5, -0.45,  0.64, -0.47, -0.45,  0.53, -0.39,  0.22, -0.32,  0.85, -0.46, -0.24, -0.53],\n",
       "[-0.27, -0.43, -0.72,  0.99, -0.01, -0.89,  0.03, -0.54,  0.19,  0.54, -0.26, -0.49, -0.36,     0,  0.68, -0.31, -0.94, -0.88,  0.85,  0.06,  0.53, -0.45, -0.51, -0.36, -0.66, -0.96, -0.85,  0.95,  0.97,   0.5],\n",
       "[-0.02,  0.83, -0.55,   0.4,  0.59,  0.93, -0.74,  0.38, -0.58,  0.14, -0.92,  0.64,  0.67,  0.68,     0, -0.19, -0.42, -0.54,  0.34,  0.66,   0.9,  -0.8,  0.45,  0.55, -0.09, -0.09,  0.83, -0.59, -0.54,  0.29],\n",
       "[-0.35,  0.77, -0.01,  0.31, -0.42,  0.22, -0.91,  0.34,  0.18,   0.2, -0.95,   0.5, -0.27, -0.31, -0.19,     0, -0.27, -0.15,  0.03, -0.23, -0.87,  -0.8,  0.61,  0.12,  0.22, -0.16, -0.17, -0.63, -0.45, -0.54],\n",
       "[-0.19,  0.57,   0.9,  -0.6, -0.49, -0.21, -0.34, -0.64,  0.65,  0.74,  0.01,  0.08, -0.52, -0.94, -0.42, -0.27,     0, -0.35,  0.27,  0.41,  0.62,  0.17,  0.69, -0.27, -0.04,  0.19,  0.04,  0.01, -0.32, -0.42],\n",
       "[-0.19, -0.03, -0.88, -0.46, -0.49,  0.34, -0.23,  0.94,   0.5,  0.21,  0.87, -0.16,  -0.5, -0.88, -0.54, -0.15, -0.35,     0, -0.74, -0.65,  0.95, -0.94,  0.26, -0.16, -0.44,  -0.8,  0.93,   0.6,  0.71, -0.91],\n",
       "[ 0.59,  0.06, -0.37, -0.38, -0.63,  0.26,  0.94,  0.73, -0.25, -0.27,  0.78, -0.46, -0.45,  0.85,  0.34,  0.03,  0.27, -0.74,     0,  0.32, -0.96,  0.92,  0.06, -0.79,  0.59, -0.97, -0.36, -0.93, -0.48,  0.64],\n",
       "[ 0.61,  0.87,  0.68, -0.71,  0.64,  0.41,  0.48, -0.21, -0.78,  0.85,  0.17, -0.23,  0.64,  0.06,  0.66, -0.23,  0.41, -0.65,  0.32,     0, -0.87,  0.36, -0.04, -0.26,  0.45,  0.22, -0.43, -0.86, -0.22,   0.1],\n",
       "[-0.31,  0.83, -0.94, -0.86,  0.74, -0.15, -0.41,   0.5,  0.64,  0.75,  0.63,  0.53, -0.47,  0.53,   0.9, -0.87,  0.62,  0.95, -0.96, -0.87,     0, -0.14, -0.05,  0.86,  0.09,  0.12,  0.41,   0.4,  0.45, -0.15],\n",
       "[-0.53,  0.82,  0.61,  0.89, -0.64, -0.31, -0.71, -0.89,  0.53,  0.93, -0.26,  0.94, -0.45, -0.45,  -0.8,  -0.8,  0.17, -0.94,  0.92,  0.36, -0.14,     0,  0.37, -0.48, -0.99, -0.78, -0.04, -0.11, -0.08, -0.98],\n",
       "[ 0.02,  0.69,   0.8,   0.5,  0.22, -0.92,  0.33,   0.5,  0.26, -0.41, -0.68,  0.05,  0.53, -0.51,  0.45,  0.61,  0.69,  0.26,  0.06, -0.04, -0.05,  0.37,     0,  0.81,  0.12,   0.7,  0.87,   0.1,  0.95,  0.34],\n",
       "[ 0.39, -0.29,  0.01, -0.36, -0.12,   0.9, -0.49, -0.66,  0.32, -0.85, -0.32,  0.69, -0.39, -0.36,  0.55,  0.12, -0.27, -0.16, -0.79, -0.26,  0.86, -0.48,  0.81,     0,  0.42, -0.09,  0.13, -0.02, -0.27, -0.34],\n",
       "[ 0.34, -0.33,  0.34,  0.07, -0.49,  0.47,  0.96,  0.07,  0.94,  0.05,  0.37, -0.49,  0.22, -0.66, -0.09,  0.22, -0.04, -0.44,  0.59,  0.45,  0.09, -0.99,  0.12,  0.42,     0,  0.41,  0.06, -0.71,  0.48, -0.74],\n",
       "[ 0.22, -0.01,  0.43, -0.43,     0, -0.64, -0.52, -0.97,  0.37, -0.33,  0.42, -0.74, -0.32, -0.96, -0.09, -0.16,  0.19,  -0.8, -0.97,  0.22,  0.12, -0.78,   0.7, -0.09,  0.41,     0, -0.94,  0.02,  0.09,  0.21],\n",
       "[ 0.75, -0.77,  0.95,  -0.5,  0.33, -0.36, -0.14,  0.78,  0.14,  0.98, -0.68, -0.36,  0.85, -0.85,  0.83, -0.17,  0.04,  0.93, -0.36, -0.43,  0.41, -0.04,  0.87,  0.13,  0.06, -0.94,     0, -0.47, -0.98,  0.05],\n",
       "[ 0.31, -0.01, -0.68, -0.07, -0.97, -0.44,   0.6, -0.77,  0.85,  0.16,  0.26, -0.63, -0.46,  0.95, -0.59, -0.63,  0.01,   0.6, -0.93, -0.86,   0.4, -0.11,   0.1, -0.02, -0.71,  0.02, -0.47,     0, -0.15,  0.02],\n",
       "[ 0.39, -0.95, -0.27,  0.41,  0.29, -0.54, -0.85, -0.45,  0.22, -0.81,  0.24,   0.8, -0.24,  0.97, -0.54, -0.45, -0.32,  0.71, -0.48, -0.22,  0.45, -0.08,  0.95, -0.27,  0.48,  0.09, -0.98, -0.15,     0,  -0.2],\n",
       "[  0.9,  0.14, -0.53,  0.19,  0.12,  0.78, -0.34,  0.82,  0.29,  0.48, -0.02,  0.66, -0.53,   0.5,  0.29, -0.54, -0.42, -0.91,  0.64,   0.1, -0.15, -0.98,  0.34, -0.34, -0.74,  0.21,  0.05,  0.02,  -0.2,     0]])"
      ]
     },
     "execution_count": 64,
     "metadata": {},
     "output_type": "execute_result"
    }
   ],
   "source": [
    "adjacency_matrix"
   ]
  },
  {
   "cell_type": "code",
   "execution_count": 65,
   "metadata": {
    "colab": {
     "base_uri": "https://localhost:8080/",
     "height": 459
    },
    "id": "-AO0E0nq5yrq",
    "outputId": "ad33cc69-2bbc-44ce-f227-812f2ca6d972"
   },
   "outputs": [
    {
     "data": {
